"Date","Facebook","Pinterest","Twitter","YouTube","Instagram","Tumblr","reddit","Google+","VKontakte","LinkedIn","StumbleUpon","Youku","Fark","news.ycombinator.com","Other"
2018-01,75.45,10.31,5.51,4.91,1.7,0.64,0.53,0.12,0.34,0.14,0.25,0.05,0.03,0.01,0.01
2018-02,75.6,9.98,5.46,5.06,1.84,0.67,0.48,0.22,0.22,0.17,0.25,0.02,0.02,0.01,0
2018-03,69.72,12.38,6.09,7,2.23,0.89,0.6,0.3,0.19,0.25,0.31,0.02,0.02,0.02,0.01
2018-04,65.73,15.06,6.81,7.9,1.64,0.93,0.67,0.36,0.3,0.25,0.3,0.01,0.02,0.01,0.01
2018-05,66.92,13.97,6.78,7.89,1.8,0.85,0.47,0.33,0.43,0.24,0.27,0.01,0.02,0.02,0.01
2018-06,63.03,14.23,8.29,9.66,2.16,0.91,0.46,0.33,0.29,0.27,0.24,0.06,0.02,0.01,0.03
2018-07,63.71,14.88,8.07,8.62,2.41,0.83,0.36,0.26,0.32,0.3,0.14,0.04,0.02,0.01,0.02
2018-08,65.15,13.49,8.49,8.58,2.37,0.79,0.38,0.25,0.18,0.27,0.01,0.01,0.02,0.02,0.01
2018-09,66.25,12.84,8.8,7.97,1.94,0.95,0.36,0.4,0.21,0.25,0,0.01,0.01,0.01,0.01
2018-10,66.81,12.99,8.57,7.45,1.88,1.07,0.36,0.35,0.27,0.19,0.01,0.01,0.02,0.01,0.01
2018-11,69.33,13.05,7.08,6.14,1.94,1.07,0.52,0.41,0.2,0.2,0.02,0.02,0.01,0.01,0.01
2018-12,66.33,16.25,8.24,4.77,1.77,0.96,0.77,0.38,0.22,0.24,0.01,0.01,0.02,0.01,0.01
2019-01,65.88,16.36,9.1,3.97,1.69,0.72,1.42,0.31,0.28,0.23,0.01,0.01,0.01,0.01,0.01
